-38
-34
-29
-43
-47
-45
-49
-57
-62
-57
-51
-44
-35
-31
-15
-8
-16
-11
0
13
18
18
29
28
31
34
23
21
35
38
27
22
18
3
-14
-21
-9
-6
-6
-4
0
16
13
-5
-12
-33
-32
-12
9
6
-4
-14
-4
12
19
10
1
0
-6
-8
16
0
-20
-12
-10
-12
0
29
19
-5
0
-14
-6
29
46
39
13
7
19
14
2
20
39
12
-10
14
10
-35
-32
-11
-24
-24
-16
-34
-29
-3
-12
-28
-43
-41
-9
8
7
10
25
44
44
13
0
15
9
23
15
10
38
53
5
-23
3
23
11
-1
-11
-9
-3
5
25
56
46
18
32
-3
33
54
-21
-40
8
33
-2
-43
-49
-10
31
32
-11
-16
2
0
28
75
116
101
-37
-65
19
37
29
11
-19
37
19
-47
32
85
18
-18
7
7
7
39
92
92
72
53
-54
-142
-64
14
31
45
56
68
25
65
59
-19
-17
47
61
-42
-61
-11
-23
-18
38
33
-11
56
160
104
11
-7
25
14
-1
18
86
196
162
-34
-17
58
61
75
66
40
37
48
28
9
8
9
7
9
-2
1
17
10
5
21
31
34
48
60
61
65
65
49
34
24
22
40
47
47
37
-7
-13
11
21
14
12
22
23
18
26
33
24
24
30
31
42
47
46
51
51
52
49
34
20
27
26
22
21
23
13
15
24
27
25
24
29
29
24
24
27
29
30
34
32
24
24
33
35
28
17
8
6
-7
-15
-12
-15
-12
-6
-4
0
-9
-23
-11
-1
11
13
9
21
32
37
39
43
42
38
35
28
28
29
36
41
36
21
25
34
25
20
24
42
47
41
51
40
29
28
29
48
42
26
15
9
8
21
18
1
10
27
15
12
27
20
8
-2
-6
17
43
26
17
21
29
21
19
42
31
1
-13
10
33
24
17
14
10
-12
-14
4
3
-7
-2
0
3
5
4
3
14
15
3
8
9
15
22
2
-5
5
10
0
6
19
24
16
3
-6
-18
-15
-10
-18
-22
-25
-28
-26
-10
9
12
7
12
20
26
19
14
21
18
8
-14
-18
0
-12
-27
-33
-31
-14
-12
-18
-7
-3
-6
-13
2
13
14
20
11
-3
0
7
15
16
15
42
56
30
-13
-28
-8
5
-17
-11
0
16
26
8
-6
0
17
12
9
8
0
13
11
2
15
33
15
-46
-32
7
9
-5
2
28
23
-3
-8
-20
-41
-37
-36
-38
-28
-24
-33
-42
-38
-40
-63
-65
-38
-31
-38
-34
-27
-8
-6
-26
-26
-19
-15
0
14
15
-33
-39
-16
-14
11
26
0
-40
-39
-19
-34
-27
-6
-8
-45
-58
-24
-47
-58
-29
-56
-62
-45
-47
-42
-41
-15
12
-19
-69
-53
-91
-111
-29
0
-17
-36
-56
-35
-46
-65
-21
8
-16
-37
-24
-55
-46
20
49
20
10
-34
-28
9
4
13
27
25
23
22
32
35
23
35
59
54
19
53
84
-13
-14
70
91
100
-48
-94
-78
-68
19
133
33
-105
-33
-3
-32
44
78
-34
-44
-15
12
117
153
-32
-83
-8
3
77
291
158
-218
-172
7
-58
-66
-40
-47
-32
-15
0
10
22
9
6
25
20
20
40
31
-11
2
19
-3
-2
5
-37
-39
-26
-26
-18
-8
-14
-21
-21
-11
16
46
47
26
37
57
41
41
39
29
13
0
-13
-14
-23
-32
-29
-24
-23
-26
-23
-21
-17
-17
-26
-27
-28
-34
-30
-31
-22
-13
-27
-32
-29
-31
-34
-34
-27
-24
-19
-19
-34
-28
-18
-20
-18
-14
-12
-13
-13
-10
-7
-3
-2
-2
-10
-22
-24
-17
-22
-33
-45
-43
-27
-30
-55
-54
-44
-55
-49
-24
-40
-64
-56
-44
-37
-28
-29
-22
-13
-6
2
6
3
13
19
12
12
26
30
31
27
-2
-29
-27
-19
-25
-28
-34
-38
-42
-47
-52
-53
-40
-30
-30
-27
-33
-48
-34
-15
-17
-23
-38
-51
-53
-44
-43
-52
-47
-39
-26
-28
-24
-11
-21
-29
-13
1
1
5
9
-2
1
0
-5
-8
1
2
-25
-47
-39
-28
-28
-46
-50
-36
-49
-51
-36
-38
-25
-14
-30
-30
-25
-26
-25
-20
-22
-28
-27
-38
-38
-17
-8
-15
-13
-26
-30
-26
-22
-20
-34
-43
-29
-24
-26
-27
-16
0
2
-1
0
2
0
-2
-3
-16
-6
4
-18
-42
-21
-7
-33
-44
-31
-18
-7
-25
-55
-57
-31
-2
1
-7
-5
13
13
-4
-14
-8
-17
-27
-28
-38
-42
-34
-16
-5
-6
-9
-18
-33
-29
0
-4
-5
-17
-20
-2
-4
-12
-12
6
31
65
52
-5
1
9
14
24
26
16
14
29
41
18
-25
-17
-4
-20
-27
-12
-9
3
22
8
-25
-23
3
-17
-26
-7
-14
-49
-45
-9
3
-10
-19
-13
39
57
31
0
28
50
2
-25
-16
14
16
-23
-4
21
25
19
9
27
75
40
-16
-1
-11
5
42
38
-29
-76
-20
20
-25
-50
-27
-10
12
9
-6
-33
-41
-16
-29
-64
-17
3
4
16
42
47
44
72
134
-28
-156
-49
-7
-49
-53
8
30
11
68
-5
-62
1
-1
-23
17
41
65
95
30
-23
43
106
97
